DS: 2, random_item_number: 1
Random_items: [69]
DS: 3, random_item_number: 2
Random_items: [26, 38]
DS: 4, random_item_number: 3
Random_items: [2, 32, 67]
DS: 5, random_item_number: 5
Random_items: [22, 51, 53, 66, 89]
DS: 6, random_item_number: 8
Random_items: [13, 21, 28, 29, 55, 71, 88, 94]
DS: 7, random_item_number: 13
Random_items: [2, 10, 11, 13, 32, 44, 56, 59, 63, 67, 68, 88, 98]
DS: 8, random_item_number: 21
Random_items: [10, 11, 15, 16, 30, 38, 44, 46, 48, 50, 63, 64, 65, 73, 74, 79, 83, 84, 85, 89, 97]
DS: 9, random_item_number: 34
Random_items: [1, 2, 5, 9, 11, 12, 15, 16, 19, 21, 22, 23, 24, 25, 26, 27, 36, 38, 40, 45, 54, 56, 57, 64, 65, 66, 72, 75, 78, 89, 93, 94, 96, 99]
DS: 10, random_item_number: 55
Random_items: [3, 5, 11, 12, 13, 15, 16, 17, 18, 20, 22, 24, 25, 26, 27, 28, 30, 31, 32, 33, 36, 37, 38, 40, 42, 43, 45, 46, 53, 55, 57, 59, 60, 62, 63, 65, 66, 69, 70, 71, 72, 73, 74, 75, 76, 83, 84, 85, 87, 88, 91, 92, 93, 99, 100]
DS: 11, random_item_number: 89
Random_items: [1, 4, 5, 7, 8, 10, 11, 12, 13, 14, 15, 16, 17, 18, 19, 20, 21, 22, 23, 25, 26, 27, 28, 29, 30, 31, 32, 33, 34, 36, 37, 38, 39, 41, 42, 43, 44, 45, 46, 47, 48, 49, 50, 51, 52, 53, 54, 55, 56, 57, 58, 59, 60, 61, 63, 65, 66, 67, 69, 70, 71, 72, 73, 74, 75, 77, 78, 79, 80, 81, 82, 83, 84, 85, 86, 87, 88, 89, 90, 91, 92, 93, 94, 95, 96, 97, 98, 99, 100]
DS: 12, random_item_number: 100
Random_items: [1, 2, 3, 4, 5, 6, 7, 8, 9, 10, 11, 12, 13, 14, 15, 16, 17, 18, 19, 20, 21, 22, 23, 24, 25, 26, 27, 28, 29, 30, 31, 32, 33, 34, 35, 36, 37, 38, 39, 40, 41, 42, 43, 44, 45, 46, 47, 48, 49, 50, 51, 52, 53, 54, 55, 56, 57, 58, 59, 60, 61, 62, 63, 64, 65, 66, 67, 68, 69, 70, 71, 72, 73, 74, 75, 76, 77, 78, 79, 80, 81, 82, 83, 84, 85, 86, 87, 88, 89, 90, 91, 92, 93, 94, 95, 96, 97, 98, 99, 100]
