DS: 2, random_item_number: 1
Random_items: [24]
DS: 3, random_item_number: 2
Random_items: [39, 57]
DS: 4, random_item_number: 3
Random_items: [29, 38, 72]
DS: 5, random_item_number: 5
Random_items: [14, 67, 75, 87, 89]
DS: 6, random_item_number: 8
Random_items: [10, 16, 40, 43, 48, 62, 83, 99]
DS: 7, random_item_number: 13
Random_items: [21, 36, 41, 55, 57, 62, 68, 69, 83, 87, 88, 96, 100]
DS: 8, random_item_number: 21
Random_items: [15, 17, 19, 25, 34, 36, 42, 44, 45, 46, 47, 51, 53, 55, 59, 63, 71, 74, 78, 95, 100]
DS: 9, random_item_number: 34
Random_items: [4, 6, 8, 11, 12, 14, 17, 18, 19, 30, 31, 32, 33, 36, 39, 42, 46, 47, 48, 51, 53, 57, 58, 60, 62, 75, 81, 83, 85, 86, 90, 93, 98, 99]
DS: 10, random_item_number: 55
Random_items: [1, 2, 3, 4, 7, 8, 10, 12, 15, 19, 20, 24, 25, 28, 29, 31, 32, 34, 35, 37, 39, 40, 41, 42, 44, 46, 49, 50, 52, 53, 54, 55, 61, 62, 63, 64, 65, 66, 67, 68, 69, 70, 71, 72, 77, 78, 80, 82, 84, 86, 87, 90, 91, 98, 99]
DS: 11, random_item_number: 89
Random_items: [1, 2, 3, 4, 5, 6, 7, 8, 9, 10, 11, 12, 13, 14, 15, 16, 17, 18, 19, 20, 21, 22, 23, 24, 25, 26, 27, 28, 29, 30, 31, 32, 34, 36, 37, 38, 39, 40, 41, 43, 44, 45, 46, 48, 49, 50, 51, 52, 53, 54, 55, 56, 57, 58, 60, 63, 64, 65, 66, 67, 68, 69, 70, 71, 72, 73, 74, 75, 76, 77, 79, 80, 82, 83, 84, 85, 86, 87, 88, 90, 91, 92, 93, 94, 95, 96, 97, 98, 99]
DS: 12, random_item_number: 100
Random_items: [1, 2, 3, 4, 5, 6, 7, 8, 9, 10, 11, 12, 13, 14, 15, 16, 17, 18, 19, 20, 21, 22, 23, 24, 25, 26, 27, 28, 29, 30, 31, 32, 33, 34, 35, 36, 37, 38, 39, 40, 41, 42, 43, 44, 45, 46, 47, 48, 49, 50, 51, 52, 53, 54, 55, 56, 57, 58, 59, 60, 61, 62, 63, 64, 65, 66, 67, 68, 69, 70, 71, 72, 73, 74, 75, 76, 77, 78, 79, 80, 81, 82, 83, 84, 85, 86, 87, 88, 89, 90, 91, 92, 93, 94, 95, 96, 97, 98, 99, 100]
