DS: 2, random_item_number: 1
Random_items: [83]DS: 3, random_item_number: 2
Random_items: [97, 99]DS: 4, random_item_number: 3
Random_items: [39, 60, 91]DS: 5, random_item_number: 5
Random_items: [49, 60, 68, 70, 76]DS: 6, random_item_number: 8
Random_items: [1, 34, 45, 50, 69, 76, 80, 88]DS: 7, random_item_number: 13
Random_items: [18, 28, 29, 30, 31, 39, 40, 49, 60, 82, 96, 98, 100]DS: 8, random_item_number: 21
Random_items: [1, 3, 5, 9, 11, 13, 30, 33, 39, 41, 47, 50, 51, 53, 64, 68, 69, 74, 76, 81, 92]DS: 9, random_item_number: 34
Random_items: [1, 4, 8, 13, 15, 16, 20, 22, 24, 25, 26, 27, 28, 29, 30, 33, 42, 46, 47, 48, 52, 54, 60, 61, 70, 74, 75, 78, 80, 82, 91, 92, 97, 98]DS: 10, random_item_number: 55
Random_items: [1, 2, 4, 8, 9, 10, 11, 12, 15, 16, 17, 21, 22, 24, 25, 26, 29, 30, 32, 34, 35, 36, 37, 38, 39, 45, 51, 52, 53, 56, 57, 58, 59, 60, 62, 67, 68, 69, 72, 73, 75, 77, 79, 80, 81, 84, 85, 87, 88, 91, 92, 95, 96, 97, 98]DS: 11, random_item_number: 89
Random_items: [1, 2, 3, 4, 5, 6, 7, 8, 9, 10, 11, 12, 13, 14, 15, 16, 17, 18, 19, 20, 21, 22, 23, 24, 25, 26, 27, 28, 29, 31, 33, 34, 36, 37, 38, 39, 40, 42, 43, 44, 45, 47, 48, 49, 50, 51, 52, 54, 55, 56, 57, 58, 59, 60, 61, 62, 63, 65, 67, 68, 69, 70, 71, 73, 74, 75, 76, 77, 78, 79, 80, 81, 82, 83, 84, 85, 86, 87, 88, 89, 90, 91, 93, 94, 95, 97, 98, 99, 100]DS: 12, random_item_number: 100
Random_items: [1, 2, 3, 4, 5, 6, 7, 8, 9, 10, 11, 12, 13, 14, 15, 16, 17, 18, 19, 20, 21, 22, 23, 24, 25, 26, 27, 28, 29, 30, 31, 32, 33, 34, 35, 36, 37, 38, 39, 40, 41, 42, 43, 44, 45, 46, 47, 48, 49, 50, 51, 52, 53, 54, 55, 56, 57, 58, 59, 60, 61, 62, 63, 64, 65, 66, 67, 68, 69, 70, 71, 72, 73, 74, 75, 76, 77, 78, 79, 80, 81, 82, 83, 84, 85, 86, 87, 88, 89, 90, 91, 92, 93, 94, 95, 96, 97, 98, 99, 100]