DS: 2, random_item_number: 1
Random_items: [57]DS: 3, random_item_number: 2
Random_items: [27, 80]DS: 4, random_item_number: 3
Random_items: [34, 79, 90]DS: 5, random_item_number: 5
Random_items: [12, 17, 33, 34, 43]DS: 6, random_item_number: 8
Random_items: [21, 25, 55, 61, 65, 70, 77, 87]DS: 7, random_item_number: 13
Random_items: [12, 22, 27, 45, 51, 58, 69, 72, 77, 80, 82, 83, 88]DS: 8, random_item_number: 21
Random_items: [2, 3, 6, 11, 22, 27, 29, 32, 38, 42, 45, 49, 51, 63, 72, 75, 80, 84, 86, 90, 98]DS: 9, random_item_number: 34
Random_items: [1, 2, 14, 15, 20, 25, 26, 27, 32, 33, 38, 41, 42, 43, 46, 50, 52, 57, 65, 67, 74, 76, 79, 80, 81, 82, 88, 89, 92, 93, 94, 95, 99, 100]DS: 10, random_item_number: 55
Random_items: [1, 3, 4, 5, 8, 9, 11, 12, 13, 14, 15, 18, 19, 21, 22, 23, 28, 29, 30, 31, 32, 33, 34, 38, 39, 40, 42, 43, 44, 46, 47, 48, 49, 50, 52, 53, 54, 55, 57, 58, 62, 64, 66, 73, 75, 76, 77, 79, 82, 84, 87, 92, 93, 95, 96]DS: 11, random_item_number: 89
Random_items: [1, 2, 3, 4, 5, 6, 7, 8, 9, 10, 11, 12, 13, 14, 16, 17, 18, 19, 20, 21, 22, 23, 24, 25, 26, 27, 29, 30, 31, 32, 33, 34, 35, 36, 37, 38, 41, 42, 43, 44, 45, 46, 47, 48, 49, 50, 51, 52, 54, 56, 57, 58, 59, 60, 61, 63, 64, 65, 66, 68, 69, 70, 71, 72, 73, 74, 75, 76, 77, 78, 79, 80, 81, 82, 83, 84, 85, 86, 87, 88, 89, 90, 91, 92, 94, 96, 97, 98, 100]DS: 12, random_item_number: 100
Random_items: [1, 2, 3, 4, 5, 6, 7, 8, 9, 10, 11, 12, 13, 14, 15, 16, 17, 18, 19, 20, 21, 22, 23, 24, 25, 26, 27, 28, 29, 30, 31, 32, 33, 34, 35, 36, 37, 38, 39, 40, 41, 42, 43, 44, 45, 46, 47, 48, 49, 50, 51, 52, 53, 54, 55, 56, 57, 58, 59, 60, 61, 62, 63, 64, 65, 66, 67, 68, 69, 70, 71, 72, 73, 74, 75, 76, 77, 78, 79, 80, 81, 82, 83, 84, 85, 86, 87, 88, 89, 90, 91, 92, 93, 94, 95, 96, 97, 98, 99, 100]