DS: 2, random_item_number: 1
random_items: [35]

DS: 3, random_item_number: 6
random_items: [7, 28, 32, 36, 69, 98]

DS: 4, random_item_number: 11
random_items: [17, 21, 40, 41, 57, 67, 74, 81, 83, 94, 100]

DS: 5, random_item_number: 16
random_items: [15, 21, 22, 23, 35, 44, 45, 46, 48, 50, 57, 62, 74, 79, 80, 96]

DS: 6, random_item_number: 21
random_items: [2, 7, 11, 12, 19, 27, 28, 32, 33, 37, 55, 56, 61, 66, 71, 72, 73, 75, 85, 94, 99]

DS: 7, random_item_number: 26
random_items: [9, 18, 21, 26, 27, 33, 35, 39, 41, 43, 46, 48, 50, 51, 52, 54, 67, 69, 70, 72, 73, 80, 88, 95, 96, 97]

DS: 8, random_item_number: 31
random_items: [3, 6, 8, 10, 12, 14, 17, 19, 20, 24, 25, 27, 32, 35, 40, 41, 43, 45, 48, 53, 57, 61, 62, 67, 69, 70, 73, 76, 79, 84, 88]

DS: 9, random_item_number: 36
random_items: [1, 2, 5, 7, 9, 11, 12, 15, 18, 24, 25, 26, 27, 28, 29, 35, 36, 37, 40, 43, 44, 47, 48, 49, 52, 56, 61, 63, 70, 84, 85, 94, 96, 97, 99, 100]

DS: 10, random_item_number: 41
random_items: [2, 6, 9, 10, 13, 17, 22, 24, 27, 30, 33, 35, 37, 38, 42, 43, 46, 50, 51, 53, 56, 57, 59, 63, 64, 69, 71, 76, 77, 78, 80, 81, 82, 84, 85, 89, 90, 92, 96, 97, 99]

DS: 11, random_item_number: 46
random_items: [1, 2, 3, 4, 6, 7, 9, 11, 13, 14, 16, 17, 19, 21, 22, 23, 24, 30, 31, 33, 36, 38, 39, 44, 46, 47, 50, 64, 66, 67, 68, 69, 70, 71, 75, 77, 82, 85, 86, 89, 91, 92, 95, 97, 98, 100]

DS: 12, random_item_number: 51
random_items: [2, 3, 4, 5, 6, 7, 10, 13, 14, 17, 20, 22, 24, 25, 26, 27, 28, 31, 34, 36, 41, 45, 46, 47, 48, 49, 55, 57, 62, 64, 67, 68, 69, 70, 72, 80, 81, 83, 84, 85, 87, 88, 90, 91, 92, 93, 95, 96, 97, 98, 99]

DS: 13, random_item_number: 56
random_items: [1, 3, 4, 8, 12, 13, 14, 15, 16, 17, 18, 19, 20, 29, 30, 34, 36, 37, 38, 39, 40, 41, 44, 45, 46, 50, 52, 53, 54, 55, 56, 58, 60, 61, 62, 64, 66, 69, 70, 80, 81, 82, 83, 84, 85, 86, 88, 89, 92, 93, 94, 95, 96, 97, 99, 100]

DS: 14, random_item_number: 61
random_items: [1, 2, 3, 4, 7, 8, 9, 10, 11, 15, 16, 18, 22, 24, 25, 29, 30, 31, 36, 38, 39, 40, 42, 43, 44, 46, 49, 50, 51, 52, 53, 56, 57, 58, 60, 61, 63, 65, 67, 69, 71, 73, 74, 78, 79, 80, 81, 82, 83, 84, 85, 86, 87, 91, 92, 93, 94, 95, 96, 98, 100]

DS: 15, random_item_number: 66
random_items: [1, 2, 3, 4, 5, 7, 8, 9, 10, 11, 12, 14, 15, 16, 17, 18, 22, 23, 24, 26, 27, 28, 29, 31, 34, 35, 36, 37, 38, 40, 41, 42, 43, 44, 46, 50, 51, 52, 53, 55, 56, 57, 58, 59, 61, 66, 67, 71, 72, 75, 76, 79, 81, 82, 85, 86, 87, 88, 89, 91, 92, 93, 95, 97, 99, 100]

DS: 16, random_item_number: 71
random_items: [1, 2, 3, 4, 6, 7, 8, 9, 11, 12, 13, 14, 15, 16, 18, 19, 20, 22, 24, 25, 26, 28, 29, 30, 31, 34, 35, 37, 38, 41, 42, 43, 44, 48, 49, 50, 52, 53, 54, 55, 57, 59, 61, 62, 63, 64, 67, 68, 69, 70, 72, 74, 75, 76, 80, 82, 83, 84, 85, 86, 88, 89, 90, 91, 92, 94, 95, 96, 97, 99, 100]

DS: 17, random_item_number: 76
random_items: [1, 3, 4, 6, 7, 10, 11, 14, 15, 16, 17, 18, 19, 21, 22, 23, 24, 25, 26, 27, 29, 32, 33, 34, 36, 37, 42, 43, 44, 45, 46, 47, 48, 49, 50, 51, 52, 53, 54, 55, 57, 58, 59, 60, 62, 63, 64, 65, 67, 68, 69, 70, 72, 75, 76, 77, 78, 79, 80, 81, 82, 83, 84, 85, 86, 87, 88, 89, 91, 93, 94, 95, 96, 97, 98, 100]

DS: 18, random_item_number: 81
random_items: [1, 2, 3, 5, 6, 7, 8, 9, 10, 11, 13, 14, 15, 16, 17, 18, 19, 20, 21, 22, 23, 24, 25, 26, 28, 29, 31, 32, 35, 36, 37, 39, 40, 41, 42, 43, 44, 45, 46, 47, 48, 49, 50, 52, 53, 54, 55, 56, 57, 58, 59, 60, 61, 62, 63, 64, 65, 67, 68, 69, 70, 71, 74, 75, 76, 77, 78, 80, 81, 82, 83, 84, 86, 88, 90, 91, 94, 95, 96, 98, 100]

DS: 19, random_item_number: 86
random_items: [1, 3, 4, 5, 6, 7, 8, 9, 10, 12, 14, 15, 17, 18, 19, 20, 21, 22, 23, 24, 25, 26, 27, 29, 30, 31, 32, 33, 34, 35, 37, 38, 39, 40, 41, 42, 43, 45, 47, 48, 49, 51, 53, 54, 55, 56, 57, 58, 59, 60, 62, 63, 64, 65, 66, 67, 68, 69, 70, 72, 73, 74, 75, 76, 77, 79, 80, 81, 82, 83, 84, 85, 86, 87, 88, 89, 90, 92, 93, 94, 95, 96, 97, 98, 99, 100]

DS: 20, random_item_number: 91
random_items: [1, 2, 3, 4, 5, 6, 7, 8, 9, 10, 11, 12, 13, 14, 16, 17, 18, 19, 20, 21, 22, 23, 24, 25, 26, 27, 28, 29, 30, 31, 32, 33, 34, 35, 36, 37, 38, 39, 40, 41, 42, 43, 44, 45, 46, 48, 49, 50, 51, 52, 53, 54, 55, 56, 57, 58, 59, 60, 61, 62, 63, 65, 66, 67, 68, 70, 71, 72, 73, 74, 75, 77, 79, 80, 81, 82, 83, 85, 86, 87, 88, 89, 90, 92, 93, 94, 95, 97, 98, 99, 100]

DS: 21, random_item_number: 96
random_items: [1, 2, 3, 4, 5, 6, 7, 8, 9, 10, 12, 13, 14, 15, 16, 17, 18, 19, 20, 21, 22, 23, 24, 25, 26, 27, 28, 29, 30, 31, 32, 33, 34, 35, 36, 37, 38, 39, 40, 41, 42, 43, 44, 45, 46, 47, 48, 49, 50, 51, 52, 53, 54, 56, 57, 58, 59, 60, 61, 62, 63, 64, 65, 67, 68, 69, 70, 71, 72, 73, 74, 75, 76, 77, 78, 79, 80, 81, 82, 83, 84, 85, 86, 87, 88, 89, 90, 91, 92, 93, 95, 96, 97, 98, 99, 100]
