DS: 2, random_item_number: 1
Random_items: [99]
DS: 3, random_item_number: 2
Random_items: [12, 67]
DS: 4, random_item_number: 3
Random_items: [37, 71, 84]
DS: 5, random_item_number: 5
Random_items: [14, 38, 43, 74, 95]
DS: 6, random_item_number: 8
Random_items: [23, 37, 43, 60, 70, 89, 91, 97]
DS: 7, random_item_number: 13
Random_items: [13, 14, 25, 54, 56, 65, 66, 67, 70, 85, 89, 94, 100]
DS: 8, random_item_number: 21
Random_items: [3, 11, 23, 26, 29, 31, 39, 41, 42, 47, 49, 51, 54, 56, 67, 81, 85, 86, 93, 96, 99]
DS: 9, random_item_number: 34
Random_items: [2, 5, 7, 18, 21, 26, 28, 31, 34, 35, 36, 38, 40, 43, 45, 47, 48, 49, 50, 56, 57, 61, 66, 70, 71, 75, 76, 80, 82, 83, 84, 89, 95, 100]
DS: 10, random_item_number: 55
Random_items: [1, 3, 4, 5, 7, 9, 10, 11, 12, 16, 17, 18, 19, 20, 21, 22, 23, 24, 25, 26, 28, 31, 32, 37, 40, 41, 43, 44, 45, 48, 51, 54, 55, 56, 59, 61, 62, 63, 64, 68, 69, 73, 75, 76, 77, 78, 79, 80, 81, 82, 83, 88, 94, 95, 97]
DS: 11, random_item_number: 89
Random_items: [1, 2, 3, 4, 5, 6, 7, 8, 9, 10, 11, 12, 13, 14, 15, 16, 20, 21, 22, 23, 24, 26, 27, 28, 30, 31, 32, 33, 34, 35, 36, 37, 38, 39, 40, 41, 42, 43, 44, 45, 46, 47, 48, 49, 50, 51, 52, 54, 55, 56, 57, 58, 60, 61, 63, 64, 65, 66, 67, 68, 69, 70, 71, 72, 73, 74, 75, 76, 77, 78, 80, 81, 82, 83, 84, 85, 86, 87, 88, 89, 90, 91, 92, 93, 95, 96, 98, 99, 100]
DS: 12, random_item_number: 100
Random_items: [1, 2, 3, 4, 5, 6, 7, 8, 9, 10, 11, 12, 13, 14, 15, 16, 17, 18, 19, 20, 21, 22, 23, 24, 25, 26, 27, 28, 29, 30, 31, 32, 33, 34, 35, 36, 37, 38, 39, 40, 41, 42, 43, 44, 45, 46, 47, 48, 49, 50, 51, 52, 53, 54, 55, 56, 57, 58, 59, 60, 61, 62, 63, 64, 65, 66, 67, 68, 69, 70, 71, 72, 73, 74, 75, 76, 77, 78, 79, 80, 81, 82, 83, 84, 85, 86, 87, 88, 89, 90, 91, 92, 93, 94, 95, 96, 97, 98, 99, 100]
