DS: 2, random_item_number: 1
Random_items: [61]
DS: 3, random_item_number: 2
Random_items: [73, 90]
DS: 4, random_item_number: 3
Random_items: [5, 62, 87]
DS: 5, random_item_number: 5
Random_items: [4, 18, 68, 76, 94]
DS: 6, random_item_number: 8
Random_items: [17, 23, 28, 35, 49, 57, 71, 88]
DS: 7, random_item_number: 13
Random_items: [11, 12, 14, 18, 29, 43, 52, 59, 62, 71, 76, 79, 88]
DS: 8, random_item_number: 21
Random_items: [1, 3, 7, 8, 20, 28, 31, 34, 37, 46, 52, 60, 61, 65, 67, 68, 75, 77, 85, 89, 98]
DS: 9, random_item_number: 34
Random_items: [2, 4, 6, 10, 13, 23, 27, 28, 30, 31, 39, 42, 43, 45, 46, 49, 51, 55, 60, 66, 67, 68, 72, 74, 78, 79, 80, 84, 87, 89, 91, 96, 98, 99]
DS: 10, random_item_number: 55
Random_items: [2, 3, 5, 6, 7, 10, 11, 13, 15, 16, 17, 21, 23, 24, 27, 28, 31, 32, 33, 34, 36, 37, 38, 42, 43, 44, 46, 47, 50, 51, 56, 57, 62, 63, 64, 66, 67, 71, 73, 75, 76, 77, 78, 82, 83, 84, 86, 87, 88, 89, 95, 96, 97, 98, 99]
DS: 11, random_item_number: 89
Random_items: [1, 2, 3, 4, 5, 6, 7, 8, 9, 11, 12, 13, 14, 15, 16, 17, 18, 19, 20, 22, 23, 24, 26, 27, 28, 29, 31, 32, 33, 35, 37, 38, 39, 40, 41, 42, 43, 44, 45, 46, 47, 48, 49, 50, 51, 53, 54, 55, 56, 57, 59, 60, 61, 62, 63, 64, 65, 66, 67, 68, 69, 70, 71, 72, 73, 74, 75, 76, 77, 78, 79, 81, 82, 84, 85, 86, 87, 88, 89, 90, 91, 93, 94, 95, 96, 97, 98, 99, 100]
DS: 12, random_item_number: 100
Random_items: [1, 2, 3, 4, 5, 6, 7, 8, 9, 10, 11, 12, 13, 14, 15, 16, 17, 18, 19, 20, 21, 22, 23, 24, 25, 26, 27, 28, 29, 30, 31, 32, 33, 34, 35, 36, 37, 38, 39, 40, 41, 42, 43, 44, 45, 46, 47, 48, 49, 50, 51, 52, 53, 54, 55, 56, 57, 58, 59, 60, 61, 62, 63, 64, 65, 66, 67, 68, 69, 70, 71, 72, 73, 74, 75, 76, 77, 78, 79, 80, 81, 82, 83, 84, 85, 86, 87, 88, 89, 90, 91, 92, 93, 94, 95, 96, 97, 98, 99, 100]
